image: /home/james/explored_map.pgm
resolution: 0.050000
origin: [-7.454079, -0.137589, 0.000000]
negate: 0
occupied_thresh: 0.65
free_thresh: 0.196

